1+1
2*5
3-2
a <- 2
b <- 2
a+b

a <- 5
b <- 7
a*b

a=3
b=2
a*b